ID	chromosome	position	L.1	L.2	m4	m5	L3	m6
Hs.212680	1	1180411	NA	0.038	6.22625	3.22625	6.038	NA
Hs.129780	1	1188041.5	NA	0.028	6.17425	3.17425	6.028	NA
Hs.42806	1	1194444	NA	0.042	6.17425	3.17425	6.042	NA
Hs.76239	1	1332537	NA	0.285	5.62425	2.62425	NA	NA
Hs.40500	1	2362211	NA	0.058	5.85125	2.85125	NA	NA
Hs.449936	1	2372287	0.294	-0.006	5.68525	2.68525	NA	NA
Hs.279899	1	2524197.5	0.355	0.144	6.01125	3.01125	NA	0.355
Hs.87435	1	3407614	0.499	-0.192	5.34025	2.34025	NA	0.499
Hs.20529	1	3567285	0.077	-0.09	5.97325	2.97325	NA	NA
Hs.22047	1	3714110.5	0.265	0.305	5.50525	2.50525	NA	0.265
Hs.201972	1	3774364	0.143	NA	6.19525	3.19525	NA	NA
Hs.25924	1	4689850	-0.162	NA	6.34925	3.34925	NA	-0.162
Hs.388126	1	6135283.5	0.452	NA	5.62725	2.62725	6.075	0.452
Hs.444729	1	6213339.5	0.199	NA	5.57325	2.57325	6.036	0.199
Hs.502330	1	6581612.5	0.007	NA	5.65425	2.65425	6.318	0.007
Hs.253254	1	7270909	0.052	NA	6.04975	3.04975	5.949	NA
Hs.128740	1	8325245	0.069	NA	5.73825	2.73825	5.794	0.069
Hs.119887	1	8435601	0.035	NA	5.9065	2.9065	5.917	0.035
Hs.194369	1	8579256	-0.148	NA	5.64625	2.64625	6.374	-0.148
Hs.433455	1	8864170	0.1405	NA	5.84125	2.84125	6.036	0.1405
Hs.458389	1	9325553	0.282	NA	5.73025	2.73025	4.164	NA
Hs.443826	1	9555460	-0.486	NA	5.67725	2.67725	3.941	NA
Hs.108222	1	9860332	-0.015	NA	6.18625	3.18625	4.038	NA
Hs.146559	1	11186983.5	0.332	NA	6.04625	3.04625	3.794	0.332
Hs.321687	1	11653081.5	0.374	NA	6.33325	3.33325	3.789	NA
Hs.284226	1	11663561.5	-0.264	-0.089	6.10225	3.10225	3.911	NA
Hs.376681	1	11991232.5	0.206	0.214	5.96525	2.96525	4.214	NA
Hs.1314	1	12098114.5	-0.513	-0.768	6.33875	3.33875	3.232	NA
Hs.468675	1	13672657.5	-0.025	0.007	6.43625	3.43625	4.007	-0.025
Hs.413375	1	13836768	0.0325	-0.1215	6.19675	7.19675	3.8785	0.0325
Hs.368823	1	14904433.5	0.063	-0.163	6.11825	7.11825	3.837	0.063
Hs.329502	1	15580096	0.247	0.235	5.41425	6.41425	4.235	0.247
Hs.301065	1	16703796	0.26	0.396	5.69925	6.69925	4.396	0.26
Hs.349110	1	16719353.5	0.267	-0.138	6.21825	7.21825	3.862	NA
Hs.128866	1	17070672.5	0.248	-0.166	6.01425	7.01425	3.834	0.248
Hs.64	1	17112680.5	-0.215	-0.022	5.90325	6.90325	3.978	-0.215
Hs.439200	1	19305390	-0.011	-0.024	6.16425	7.16425	3.976	NA
Hs.22180	1	19744223	0.33	-0.242	5.85725	6.85725	3.758	NA
Hs.374987	1	19980428.5	0.056	0.16	5.89525	6.89525	4.16	0.056
Hs.76422	1	20047436	-0.219	-0.491	6.37325	7.37325	3.509	-0.219
Hs.72924	1	20675819	0.007	0.134	6.08525	7.08525	4.134	NA
Hs.492802	1	21291420.5	0.314	0.097	5.97175	6.97175	4.097	0.314
Hs.433797	1	21679929.5	0.462	0.071	5.90625	6.90625	4.071	0.462
Hs.25766	1	22189914	0.232	-0.27	5.97525	6.97525	3.73	NA
Hs.302428	1	22202826	0.106	0.1135	5.82425	6.82425	4.1135	0.106
Hs.528723	1	22561978.5	-0.014	-0.057	5.99525	6.99525	3.943	-0.014
Hs.94953	1	22719539	0.702	-0.346	5.82325	6.82325	3.654	NA
Hs.125124	1	22884930.5	0.238	-0.207	5.94625	6.94625	3.793	0.238
Hs.99836	1	23355829	-0.17	-0.262	6.20125	7.20125	3.738	NA
Hs.446354	1	23474713.5	-0.655	0.506	6.13625	7.13625	4.506	NA
Hs.15535	1	23828370	0.05	-0.1285	6.05325	3.05325	3.8715	0.05
Hs.413781	1	23865143	0.108	0.104	5.54925	2.54925	4.104	0.108
Hs.129319	1	24591752	0.339	0.02	5.71825	2.71825	4.02	NA
Hs.170019	1	24986518.5	0.487	0.194	5.84225	2.84225	4.194	NA
Hs.20013	1	25303195	-0.055	-0.049	6.33225	3.33225	3.951	-0.055
Hs.468538	1	25392925	-0.203	0.181	6.12525	3.12525	4.181	-0.203
Hs.184482	1	25576401	0.327	0.14	5.78925	2.78925	4.14	0.327
Hs.8518	1	25819835.5	0.136	0.292	5.97925	2.97925	4.292	NA
Hs.209983	1	25914125	-0.224	0.073	6.22425	3.22425	4.073	-0.224
Hs.477083	1	25986478.5	-0.233	-0.052	5.69725	2.69725	3.948	NA
Hs.259664	1	26059453.5	0.369	-0.068	6.31225	3.31225	3.932	0.369
Hs.149957	1	26563032	0.246	0.205	5.92125	2.92125	4.205	NA
Hs.19066	1	26851846	0.347	-0.05	5.88225	2.88225	3.95	NA
Hs.427055	1	26923360	-0.007	-0.357	5.98625	2.98625	3.643	-0.007
Hs.469154	1	27309122.5	0.585	0.721	5.58325	2.58325	4.721	0.585
Hs.433838	1	27809493	0.079	0.09	6.09625	3.09625	4.09	NA
Hs.196769	1	28655119.5	0.0025	-0.05	5.83625	2.83625	3.95	0.0025
Hs.421646	1	28775293.5	0.459	-0.012	5.57625	2.57625	3.988	0.459
Hs.76122	1	29311969	0.075	-0.195	5.87325	2.87325	3.805	0.075
Hs.183646	1	29359077.5	0.00449999999999999	-0.0045	6.06125	3.06125	3.9955	NA
Hs.19718	1	29428785.5	0.13	0.129	5.75325	2.75325	4.129	0.13
Hs.150366	1	30857043	0.017	0.159	5.72825	2.72825	4.159	0.017
Hs.379357	1	31412962.5	0.304	0.434	6.05625	3.05625	4.434	0.304
Hs.388226	1	31757343	0.267	-0.02	5.63525	2.63525	3.98	0.267
Hs.119537	1	32163595	-0.125	0.029	6.22125	3.22125	4.029	-0.125
Hs.25544	1	32222140.5	-0.276	0.05	6.08725	3.08725	4.05	-0.276
Hs.1765	1	32403407	0.12	0	5.89025	2.89025	4	0.12
Hs.353454	1	32514349.5	0.028	0.082	5.87725	2.87725	4.082	0.028
Hs.470672	1	32514969.5	0.112	-0.044	5.89225	2.89225	3.956	NA
Hs.348415	1	32819478.5	-0.003	0.213	6.24325	3.24325	4.213	NA
Hs.15463	1	33001204.5	0.174	-0.141	6.09325	3.09325	3.859	0.174
Hs.128366	1	33085328	0.222	0.362	5.97525	2.97525	4.362	NA
Hs.27160	1	34991755	0.659	0.368	5.76125	2.76125	4.368	0.659
Hs.180610	1	35312693.5	-0.377	-0.096	5.93625	2.93625	3.904	NA
Hs.112023	1	35851226	-0.027	0.153	5.79825	2.79825	4.153	NA
Hs.309452	1	36038447	-0.1935	-0.042	6.11375	3.11375	3.958	NA
Hs.189829	1	36128510	-0.007	-0.126	5.77525	2.77525	3.874	NA
Hs.526404	1	36450693.5	0.378	0.223	5.47425	2.47425	4.223	0.378
Hs.3496	1	36529384.5	0.423	-0.129	5.89425	2.89425	3.871	0.423
Hs.128848	1	36930611.5	0.194	0.192	5.45925	2.45925	4.192	NA
Hs.65857	1	37624807	-0.142	-0.114	6.17225	3.17225	3.886	-0.142
Hs.48855	1	37835872.5	-0.116	-0.158	5.94325	2.94325	3.842	NA
Hs.406066	1	37946213	0.022	-0.124	6.18125	3.18125	3.876	NA
Hs.143495	1	38997177.5	-0.229	-0.236	5.95625	2.95625	3.764	NA
Hs.133999	1	39041281	0.186	0.189	5.75325	2.75325	4.189	0.186
Hs.372463	1	39543892	0.115	0.087	6.25325	3.25325	4.087	0.115
Hs.472491	1	39652701.5	0.075	0.225	5.93225	2.93225	4.225	0.075
Hs.232058	1	39675743.5	0.229	-0.419	5.62025	2.62025	3.581	0.229
Hs.437922	1	40033560.5	-0.3905	0.0285	6.49925	3.49925	4.0285	-0.3905
Hs.25846	1	40410907.5	0.074	-0.1505	5.69275	2.69275	0.8495	0.074
Hs.1407	1	41616464	-0.089	0.073	5.72025	2.72025	1.073	-0.089
Hs.403972	1	41641860.5	0.305	0.602	6.04925	3.04925	1.602	0.305
Hs.302418	1	42778607	-0.225	-0.149	6.19825	3.19825	0.851	-0.225
Hs.78824	1	43446814	0.081	0.063	5.84725	2.84725	1.063	NA
Hs.82906	1	43480897.5	-0.237	-0.185	6.18225	3.18225	0.815	-0.237
Hs.25597	1	43500478	0.249	0.07	5.50225	2.50225	1.07	NA
Hs.36567	1	44128706	0.07	0.328	6.05225	3.05225	1.328	0.07
Hs.12249	1	44307755	-0.442	-0.201	6.24725	3.24725	0.799	-0.442
Hs.8008	1	44352517	0.382	0.172	5.90525	2.90525	1.172	0.382
Hs.368557	1	44378605	0.475	0.376	6.05125	3.05125	1.376	0.475
Hs.22157	1	44798611	0.436	0.139	5.64925	2.64925	1.139	NA
Hs.421430	1	44946341	0.276	0.085	5.70325	2.70325	1.085	NA
Hs.167405	1	45343243.5	-0.267	0.029	6.11125	3.11125	1.029	-0.267
Hs.271353	1	45469579.5	0.243	-0.066	5.74025	2.74025	0.934	0.243
Hs.8980	1	45552287	0.211	0.163	5.40125	2.40125	1.163	0.211
Hs.13024	1	45640384	0.287	0.111	5.55725	2.55725	1.111	0.287
Hs.184456	1	45825590.5	0.259	0.033	5.89325	2.89325	1.033	NA
Hs.372548	1	46264082.5	0.491	0.092	5.79325	2.79325	1.092	0.491
Hs.66718	1	46440800.5	-0.128	0.208	5.82425	2.82425	1.208	-0.128
Hs.144941	1	46466705.5	0.159	-0.028	5.91925	2.91925	0.972	NA
Hs.528334	1	46581774	0.517	0.182	5.56225	2.56225	1.182	0.517
Hs.10964	1	46829392	-0.209	-0.219	6.23825	3.23825	0.781	NA
Hs.436317	1	46986933	0.296	-0.288	5.66625	2.66625	0.712	0.296
Hs.436881	1	52618435	-0.08	-0.003	5.78325	2.78325	0.997	-0.08
Hs.11923	1	54048450	-0.455	-0.038	5.88925	2.88925	0.962	NA
Hs.40094	1	54134813.5	0.073	0.1	5.72025	2.72025	1.1	0.073
Hs.75616	1	55046100.5	0.063	0.732	6.56025	3.56025	1.732	NA
Hs.437655	1	56946781	-0.13	-0.351	6.27125	3.27125	0.649	-0.13
Hs.8108	1	58680064.5	-0.438	-0.347	5.97325	2.97325	0.653	-0.438
Hs.78465	1	58960144.5	-0.171	-0.2	5.79425	2.79425	0.8	-0.171
Hs.152096	1	60080969.5	0.28	-0.087	5.76225	2.76225	0.913	NA
Hs.173933	1	61531721.5	0.361666666666667	0.0853333333333333	5.59258333333333	2.59258333333333	1.08533333333333	NA
Hs.226776	1	61876369.5	0.101	-0.134	6.02525	3.02525	0.866	NA
Hs.436450	1	62123126.5	-0.052	-0.012	6.15025	3.15025	0.988	NA
Hs.406156	1	62698475.5	0.1535	0.3845	5.99875	2.99875	1.3845	0.1535
Hs.24661	1	64423663	-0.225	0.192	5.87825	2.87825	1.192	-0.225
Hs.120893	1	65106273.5	0.073	0.076	5.88625	2.88625	1.076	0.073
Hs.505172	1	65365596	-0.154	-0.033	6.26025	3.26025	0.967	-0.154
Hs.10862	1	65408585.5	0.06	-0.484	6.04325	3.04325	0.516	NA
Hs.389075	1	65497141	0.164	-0.239	5.58925	2.58925	0.761	0.164
Hs.23581	1	65778200.5	0.397	0.084	5.89425	2.89425	1.084	0.397
Hs.188	1	66261099.5	0.072	0.557	5.59025	2.59025	1.557	0.072
Hs.21757	1	67128482	-0.0925	0.0105	5.57325	2.57325	1.0105	NA
Hs.8107	1	67945185.5	0.033	-0.126666666666667	5.39325	2.39325	0.873333333333334	0.033
Hs.27860	1	71185198.5	0.1335	-0.1455	5.85825	2.85825	0.8545	NA
Hs.18268	1	77598991	0.092	-0.174	5.89725	2.89725	0.826	0.092
Hs.5364	1	77776396.5	-0.3195	-0.1015	6.11225	3.11225	0.8985	-0.3195
Hs.193516	1	85449779	0.263	-0.363	6.06475	3.06475	0.637	NA
Hs.8867	1	85759944	0.5	-0.005	5.75625	2.75625	0.995	0.5
Hs.90606	1	87066501.5	-0.208	0.102	6.00425	9.00425	-12.898	NA
Hs.3844	1	87514727.5	0.123	0.207	6.26325	9.26325	-12.793	NA
Hs.69171	1	88936859.5	-0.342	-0.1	6.31725	9.31725	-13.1	-0.342
Hs.62661	1	89236468.5	0.084	0.0985	5.82825	8.82825	-12.9015	0.084
Hs.14606	1	99866978.5	0.209	-0.144	6.12125	9.12125	-13.144	0.209
Hs.405214	1	100613960.5	0.16	0.122	6.13825	9.13825	-12.878	NA
Hs.109225	1	100906969.5	0.394	0.29	5.95825	8.95825	-12.71	NA
Hs.279837	1	109923504.5	0.223	-0.009	5.61325	8.61325	-13.009	NA
Hs.4113	1	110271715	0.018	0.392	5.85625	8.85625	-12.608	0.018
Hs.363572	1	111436320.5	0.05	-0.022	5.97225	8.97225	-13.022	0.05
Hs.447624	1	111452506	-0.257	-0.011	5.91125	8.91125	-13.011	-0.257
Hs.258575	1	112748575.5	0.44	0.006	5.43125	8.43125	-12.994	0.44
Hs.179735	1	112967308	-0.084	-0.206	5.96725	8.96725	-13.206	NA
Hs.260523	1	114966828	-0.072	0.53	5.81025	8.81025	-12.47	NA
Hs.24808	1	115030529	0.085	0.251	6.13925	9.13925	-12.749	NA
Hs.201774	1	117336262	0.147	0.025	5.84225	8.84225	-12.975	NA
Hs.356368	1	119640510	-0.12	-0.136	6.10925	9.10925	-13.136	-0.12
Hs.381235	1	142561586.5	-0.071	-0.197	5.94325	8.94325	-13.197	-0.071
Hs.158237	1	143023472.5	0.06	0.393	6.01825	9.01825	-12.607	0.06
Hs.522559	1	146262181.5	-0.156	-0.114	6.60425	9.60425	-13.114	-0.156
Hs.181301	1	147533735	-0.441	-0.011	6.42725	9.42725	-13.011	NA
Hs.78524	1	147807643.5	0.186	0.258	6.10725	9.10725	-12.742	0.186
Hs.22065	1	147840827.5	0.166	0.252	6.47225	9.47225	-12.748	NA
Hs.132648	1	148635269	0.649	0.107	5.84825	8.84825	-12.893	NA
Hs.1076	1	149818160	-0.094	-0.047	6.07425	9.07425	-13.047	-0.094
Hs.112405	1	150145191.5	0.775	-0.071	5.57825	8.57825	-13.071	0.775
Hs.75117	1	150451830	-0.596	-0.043	6.35225	9.35225	-13.043	-0.596
Hs.7854	1	150746841	-0.133	0.321	5.91825	8.91825	-12.679	-0.133
Hs.178468	1	150944305.5	-0.171	0.232	6.36525	9.36525	-12.768	NA
Hs.513489	1	151762510	-0.012	-0.177	6.08025	9.08025	-13.177	NA
Hs.436441	1	152910257	-0.483	0.048	6.12925	9.12925	-12.952	-0.483
Hs.89525	1	153529791.5	-0.082	-0.099	1.85225	5.85225	-13.099	NA
Hs.9629	1	153567014	0.219	0.026	1.81625	5.81625	-12.974	NA
Hs.332012	1	156877044	0.258	-0.077	1.96525	5.96525	-13.077	0.258
Hs.301412	1	157940780	0.097	0.235	2.18925	6.18925	-12.765	0.097
Hs.8015	1	157945482.5	0.328	-0.008	1.77625	5.77625	-13.008	NA
Hs.492779	1	158869413.5	-0.178	-0.108	2.12025	6.12025	-13.108	-0.178
Hs.307374	1	161439665	0.187	-0.118	1.81958333333333	5.81958333333333	-13.118	NA
Hs.26550	1	162103807.5	0.246	0.251	1.99225	5.99225	-12.749	0.246
Hs.458360	1	162607999.5	0.018	-0.151	1.68725	5.68725	-13.151	NA
Hs.446197	1	168240315	-0.1385	0.02	2.05975	6.05975	-12.98	NA
Hs.120	1	170183872.5	0.027	0.081	2.41125	6.41125	-12.919	NA
Hs.77266	1	176877224	-0.15	0.179	2.22225	6.22225	-12.821	-0.15
Hs.75256	1	189278644.5	-0.164	-0.252	2.35925	6.35925	-13.252	-0.164
Hs.268557	1	198169664.5	0.086	0.015	1.79325	5.79325	-12.985	0.086
Hs.283667	1	198695186.5	-0.042	-0.094	1.92925	5.92925	-13.094	NA
Hs.153648	1	199765743.5	0.076	-0.025	1.79525	5.79525	-13.025	0.076
Hs.442844	1	200046651.5	-0.005	0.195	2.15525	6.15525	-12.805	NA
Hs.334612	1	200566571.5	-0.504	-0.273	2.28025	6.28025	-13.273	-0.504
Hs.120026	1	201095196.5	0.083	-0.075	1.60625	5.60625	-13.075	0.083
Hs.355489	1	201108376	0.245	-0.035	1.86225	5.86225	-13.035	0.245
Hs.343329	1	201157274	-0.086	-0.081	1.94525	-0.05475	3.919	-0.086
Hs.238730	1	203147998.5	0.309	0.202	1.99125	-0.00875	4.202	0.309
Hs.128395	1	203390166	0.16	0.323	1.87625	-0.12375	4.323	0.16
Hs.83532	1	204335525.5	-0.142	-0.022	2.06725	0.06725	3.978	-0.142
Hs.355827	1	206358765	0.057	0.103	2.06225	0.06225	4.103	NA
Hs.362343	1	213989669	-0.361	-0.138	2.20825	0.20825	3.862	-0.361
Hs.131004	1	221893454.5	0.015	0.247	1.52825	-0.47175	4.247	0.015
Hs.119387	1	222357371.5	0.186	-0.269	2.09825	0.09825	3.731	0.186
Hs.78877	1	223179025.5	-0.361	-0.198	2.43325	0.43325	3.802	-0.361
Hs.325081	1	224250638	-0.138	-0.051	2.15825	0.15825	3.949	NA
Hs.286221	1	224586241	-0.0655	0.1035	2.11375	0.11375	4.1035	-0.0655
Hs.19383	1	227150810.5	0.156	-0.099	1.86725	-0.13275	3.901	0.156
Hs.151518	1	230877699.5	-0.232	-0.012	2.49125	0.49125	3.988	-0.232
Hs.47504	1	238358332	-0.244	0.044	1.83325	-0.16675	4.044	-0.244
Hs.211473	1	241170395	-0.583	-0.725	2.10725	0.10725	3.275	NA
Hs.411490	1	241331394.5	-0.261	0.08	1.86525	-0.13475	4.08	-0.261
Hs.178111	1	241456474	-0.128	-0.067	2.36625	0.36625	3.933	NA
Hs.22051	1	243795357	0.02	-0.239	1.94425	-0.05575	3.761	NA
Hs.180919	2	8774949.5	0.134666666666667	0.0933333333333333	2.12058333333333	0.120583333333333	4.09333333333333	NA
Hs.509314	2	9571423	-0.086	-0.139	2.08225	0.08225	3.861	-0.086
Hs.226390	2	10217803	-0.3185	-0.4115	2.35625	0.35625	3.5885	NA
Hs.135465	2	11546454	-0.616	-0.075	1.80125	-0.19875	3.925	NA
Hs.149266	2	17978033	0.22	-0.176	1.97825	-0.02175	3.824	NA
Hs.50649	2	24215667	0.047	-0.014	1.79425	-0.20575	3.986	NA
Hs.386092	2	24840766	0.003	-0.022	1.69825	-0.30175	3.978	0.003
Hs.236494	2	26220301	-0.582	-0.384	2.13925	0.13925	3.616	NA
Hs.310960	2	27195670	-0.466	0.066	1.91025	-0.08975	4.066	NA
Hs.75782	2	27475926.5	0.065	0.188	2.09025	0.09025	4.188	NA
Hs.352702	2	32304891.5	-0.128	-0.208	2.36325	0.36325	3.792	NA
Hs.360026	2	32624293	-0.016	0.096	1.99425	-0.00575	4.096	NA
Hs.368256	2	33170614	0.299	0.56	1.54725	-0.45275	4.56	NA
Hs.444252	2	36633042	-0.082	-0.249	2.28025	0.28025	3.751	-0.082
Hs.258563	2	36713992.5	-0.204	0.125	1.94125	-0.05875	4.125	-0.204
Hs.434387	2	37422646	-0.0563333333333333	0.146333333333333	2.51025	0.51025	4.14633333333333	-0.0563333333333333
Hs.8136	2	46480850	0.162	0.1125	1.83575	-0.16425	4.1125	0.162
Hs.284289	2	47995090	-0.335	-0.303	2.14825	0.14825	3.697	-0.335
Hs.271916	2	48640292	-0.245	-0.182	2.08225	0.08225	3.818	NA
Hs.292925	2	55450023.5	-0.078	-0.019	2.73125	0.73125	3.981	-0.078
Hs.76224	2	56033288	-0.333	-0.113	1.68225	-0.31775	3.887	-0.333
Hs.295421	2	57840480	0.475	-0.051	1.44625	-0.55375	3.949	NA
Hs.411433	2	58339077.5	-0.291	0.625	1.73325	-0.26675	4.625	-0.291
Hs.122440	2	61329783.5	0.224	-0.009	1.77825	-0.22175	3.991	NA
Hs.424678	2	62159597	-0.213	0.037	2.14725	0.14725	4.037	-0.213
Hs.75375	2	63734010.5	-0.111	-0.072	2.30125	0.30125	3.928	-0.111
Hs.274520	2	69270046	0.256	0.478	1.98125	-0.01875	4.478	0.256
Hs.422986	2	69959067.5	-0.029	0.033	2.04725	0.04725	4.033	-0.029
Hs.379930	2	70074238	0.0495	0.1535	2.05975	0.05975	4.1535	0.0495
Hs.396978	2	70426381.5	0.191	-0.226	1.53025	-0.46975	3.774	0.191
Hs.61268	2	73369878	-0.209	-0.271	1.58025	-0.41975	3.729	-0.209
Hs.407994	2	74003909	-0.063	0.081	2.33125	0.33125	4.081	-0.063
Hs.403989	2	74039855.5	-0.254	0.221	1.94425	-0.05575	4.221	-0.254
Hs.270428	2	84564014.5	0.118	-0.211	1.96125	-0.03875	3.789	0.118
Hs.12820	2	85786597.5	-0.062	-0.085	2.29525	0.29525	3.915	NA
Hs.433439	2	86344932.5	-0.448	-0.046	2.70525	0.70525	3.954	NA
Hs.391855	2	87156021.5	-0.469	-0.261	2.43425	0.43425	3.739	NA
Hs.512126	2	89849436	-0.208	-0.19	2.30025	0.30025	3.81	NA
Hs.346736	2	99264254.5	-0.542	0.198	1.86825	-0.13175	4.198	-0.542
Hs.375921	2	101094829.5	-0.135	-0.042	2.29525	0.29525	3.958	-0.135
Hs.25333	2	102085113	-0.457	-0.076	1.95625	-0.04375	3.924	-0.457
Hs.199179	2	108827111.5	-0.126	-0.063	2.50025	0.50025	3.937	-0.126
Hs.306178	2	112437791.5	-0.253	-0.095	1.73525	-0.26475	3.905	NA
Hs.433512	2	114398081.5	-0.266333333333333	-0.184	2.12891666666667	0.128916666666667	3.816	-0.266333333333333
Hs.98324	2	118390817	-0.134	-0.083	2.53825	0.53825	3.917	-0.134
Hs.114057	2	127117412.5	-0.025	-0.1	2.02425	0.02425	3.9	NA
Hs.77929	2	127748814	-0.11	0.083	2.25925	0.25925	4.083	-0.11
Hs.6066	2	131483647	0.246	-0.133	1.54925	-0.45075	3.867	0.246
Hs.42151	2	138580753.5	-0.116	0.002	2.15925	0.15925	4.002	-0.116
Hs.6838	2	151159944	-0.002	-0.168	2.06825	0.06825	3.832	NA
Hs.298735	2	153368828	0.883	0.428	2.22625	0.22625	4.428	NA
Hs.388208	2	160149828	-0.563	0.238	2.28625	0.28625	4.238	-0.563
Hs.239870	2	160954941.5	0.347	0.198	1.72125	-0.27875	4.198	0.347
Hs.252938	2	169927443	-0.402	-0.144	2.37425	0.37425	3.856	-0.402
Hs.259495	2	170597476	-0.007	-0.061	1.93125	-0.06875	3.939	NA
Hs.87372	2	172399957	-0.178	-0.195	2.67725	0.67725	3.805	NA
Hs.212296	2	173157194	-0.362	-0.135	2.27525	0.27525	3.865	-0.362
Hs.401414	2	175287309.5	0.0533333333333333	-0.0386666666666667	2.04191666666667	0.0419166666666667	3.96133333333333	0.0533333333333333
Hs.429	2	175871611	0.133	-0.035	2.02325	0.02325	3.965	0.133
Hs.123070	2	176808469.5	0.117	-0.022	1.76525	-0.23475	3.978	0.117
Hs.236646	2	176813812.5	0.246	0.317	2.10925	0.10925	4.317	0.246
Hs.98661	2	176871168	0.047	-0.011	1.65925	-0.34075	3.989	NA
Hs.470791	2	180435493	-0.351	0.105	2.27225	0.27225	4.105	NA
Hs.368598	2	187187989	-0.266	-0.004	1.10225	-0.89775	3.996	NA
Hs.436873	2	187325719.5	-0.152	-0.239	-0.18675	-2.18675	3.761	-0.152
Hs.11571	2	197713158	0.275	0.033	1.87525	-0.12475	4.033	0.275
Hs.79037	2	198182918.5	-0.321	0.064	2.42525	0.42525	4.064	NA
Hs.355983	2	201507946.5	-0.474	-0.329	2.91125	0.91125	3.671	NA
Hs.360943	2	201843947	-0.183	-0.054	2.21925	0.21925	3.946	NA
Hs.387906	2	204018244	-0.1595	0.002	2.22575	0.22575	4.002	-0.1595
Hs.420563	2	206831366	0.128	0.217	2.30125	0.30125	4.217	0.128
Hs.17631	2	208454058.5	-0.1685	0.124	2.16275	0.16275	4.124	NA
Hs.159499	2	209140899	0.109	0.12	1.79025	-0.20975	4.12	NA
Hs.54089	2	215459327	-0.295	0.01	2.48925	0.48925	4.01	NA
Hs.418138	2	216088489.5	-0.34	-0.192	2.47925	0.47925	3.808	NA
Hs.97176	2	219358162	-0.044	0.409	2.01425	0.01425	4.409	-0.044
Hs.434525	2	219511567.5	-0.042	0.137	1.82925	-0.17075	4.137	NA
Hs.153003	2	219937432	0.198	0.019	2.01025	0.01025	4.019	NA
Hs.77768	2	219973409	0.244	0.156	1.78025	-0.21975	4.156	0.244
Hs.268012	2	223592430	0.002	-0.235	2.58725	0.58725	3.765	NA
Hs.424598	2	229837840	0.045	-0.113	2.06125	0.06125	3.887	0.045
Hs.421649	2	231806894	0.3585	-0.179	2.09475	-3.90525	3.821	NA
Hs.48291	2	232447316	-0.047	0.521	2.21325	-3.78675	4.521	-0.047
Hs.124112	2	234434028	0.678	-0.073	2.16425	-3.83575	3.927	0.678
Hs.111554	2	235185688.5	0.012	0.03	2.22025	-3.77975	4.03	NA
Hs.222874	2	239882766	0.257	0.111	1.98825	-4.01175	4.111	0.257
Hs.328232	2	241111294.5	0.048	-0.215	2.05025	-3.94975	3.785	NA
Hs.427152	2	241931679	0.165	0.016	1.83125	-4.16875	4.016	0.165
Hs.529171	2	242340414.5	-0.299	-0.038	2.25925	-3.74075	3.962	NA
Hs.68876	3	3106725.5	-0.036	-0.015	2.26025	-3.73975	3.985	NA
Hs.380271	3	9769895.5	-0.058	0.066	1.61725	-4.38275	4.066	-0.058
Hs.323342	3	9819066	0.089	0.276	2.04925	-3.95075	4.276	NA
Hs.421654	3	10137869	0.245	-0.307	2.24325	-3.75675	3.693	NA
Hs.421597	3	10163540	0.058	0.484	1.96225	-4.03775	4.484	0.058
Hs.449207	3	10260218	-0.306	0.098	1.85925	-4.14075	4.098	NA
Hs.257266	3	12640360	-0.073	0	1.79925	-4.20075	4	-0.073
Hs.130330	3	14153771.5	0.11	0.386	1.76825	-4.23175	4.386	0.11
Hs.436432	3	16431290.5	0.161	0.23	1.32725	-4.67275	4.23	0.161
Hs.203475	3	20113713.5	-0.225666666666667	-0.027	2.13625	-3.86375	3.973	NA
Hs.444289	3	23362771.5	0.328	0.556	2.06525	-3.93475	4.556	0.328
Hs.436538	3	25529632	-0.312	-0.227	2.25425	-3.74575	3.773	NA
Hs.82028	3	30675072	-0.44	-0.079	2.31225	-3.68775	3.921	-0.44
Hs.440494	3	32469414.5	-0.408	-0.11	2.23425	-3.76575	3.89	-0.408
Hs.9663	3	33869434.5	-0.281	-0.0805	2.36675	-3.63325	3.9195	-0.281
Hs.433618	3	37038803	0.063	-0.283	1.83725	-4.16275	3.717	0.063
Hs.8042	3	37850288.5	-0.0825	-0.075	1.98725	-4.01275	3.925	-0.0825
Hs.147189	3	37939545.5	-0.52	0.059	1.84025	-4.15975	4.059	-0.52
Hs.12942	3	42581495	0.385	0.221	2.10425	-3.89575	4.221	0.385
Hs.447793	3	42890662	-0.034	0.294	1.97925	-4.02075	4.294	-0.034
Hs.225946	3	45911346.5	0.68	0.767	1.87725	-4.12275	4.767	0.68
Hs.380055	3	46557367	0.051	0.101	2.03725	-3.96275	4.101	0.051
Hs.385870	3	46596586.5	0.07	0.237	2.13725	-3.86275	4.237	NA
Hs.1019	3	46910422	0.025	0.01	1.79425	-4.20575	4.01	NA
Hs.1634	3	48189238	-0.165	-0.08	2.00925	-3.99075	3.92	NA
Hs.278311	3	48433071	-0.01	0.282	1.73425	-4.26575	4.282	-0.01
Hs.506231	3	49027747.5	0.203	0.097	1.70625	-4.29375	4.097	NA
Hs.75432	3	49040987.5	0.337	0.574	1.50925	-4.49075	4.574	NA
Hs.403828	3	49285368	-0.195	0.132	1.96325	-4.03675	4.132	-0.195
Hs.75619	3	50314166	0.113	0.258	1.75325	-4.24675	4.258	NA
Hs.437083	3	50361567.5	-0.309	0.144	1.90525	-4.09475	4.144	-0.309
Hs.234521	3	50643033	0.022	-0.177	1.93925	-4.06075	3.823	NA
Hs.436439	3	52242944	0.011	-0.153	1.74125	-4.25875	3.847	0.011
Hs.106674	3	52414556	0.105	0.169	1.76025	-4.23975	4.169	0.105
Hs.435290	3	52484935.5	0.568	1.076	1.67725	-4.32275	5.076	NA
Hs.58471	3	53899551.5	0.165	-0.166	1.97925	-4.02075	3.834	0.165
Hs.446320	3	58273164	-0.1465	-0.117	2.10025	-3.89975	3.883	NA
Hs.506366	3	59875841.5	-0.123	-0.166	2.16275	-3.83725	3.834	NA
Hs.26411	3	63490850	-0.381	-0.384	1.87125	-4.12875	3.616	NA
Hs.169441	3	65660175	0.148	-0.411	2.28425	-3.71575	3.589	NA
Hs.116665	3	67137872	0.077	0.275	2.15725	-3.84275	4.275	NA
Hs.235860	3	71358213	-0.226	-0.173	2.30625	-3.69375	3.827	-0.226
Hs.123642	3	89426668.5	-0.235	0.234	2.42825	-3.57175	4.234	-0.235
Hs.64016	3	95117583.5	-0.294	-0.088	2.34625	0.34625	3.912	-0.294
Hs.401062	3	95303866.5	-0.33	-0.089	2.22025	0.22025	3.911	NA
Hs.128861	3	101058656	-0.101	-0.059	1.76125	-0.23875	3.941	-0.101
Hs.15432	3	101175362	-0.022	0.036	2.29025	0.29025	4.036	-0.022
Hs.477008	3	101630289.5	-0.213	0.171	2.18125	0.18125	4.171	-0.213
Hs.446568	3	101947253	0.178	0.076	1.98725	-0.01275	4.076	0.178
Hs.184582	3	102886104	-0.115	0.066	1.65825	-0.34175	4.066	NA
Hs.436986	3	106867664.5	0.294	0.166	1.88525	-0.11475	4.166	0.294
Hs.439631	3	114860609	-0.29	0.385	2.68225	0.68225	4.385	NA
Hs.409131	3	114981095	-0.38	-0.418	2.25225	0.25225	3.582	-0.38
Hs.21902	3	115162005.5	-0.029	0.025	2.69625	0.69625	4.025	-0.029
Hs.272822	3	129284532	-0.6285	-0.67	2.49575	0.49575	3.33	NA
Hs.2280	3	129836944	-0.393	0.118	2.38825	0.38825	4.118	-0.393
Hs.306747	3	131914411.5	-0.462	-0.151	2.22825	0.22825	3.849	-0.462
Hs.254124	3	132216369.5	-0.11	-0.43	2.31325	0.31325	3.57	NA
Hs.310512	3	133802879	-0.236	-0.171	2.11925	0.11925	3.829	NA
Hs.173438	3	139821412	-0.421	-0.101	2.00025	0.00025	3.899	NA
Hs.239818	3	139908905.5	-0.285	0.016	2.13425	0.13425	4.016	NA
Hs.14074	3	140556074	-0.485	0.252	2.06225	0.06225	4.252	-0.485
Hs.75724	3	140586368	-0.22	-0.0405	2.15625	0.15625	3.9595	-0.22
Hs.101850	3	140719520	0.072	0.131	1.33725	-0.66275	4.131	0.072
Hs.41270	3	147315782	-0.064	-0.043	2.31825	0.31825	3.957	-0.064
Hs.348478	3	147730429.5	-0.543	-0.145	2.12625	0.12625	3.855	-0.543
Hs.89472	3	149920943.5	-0.377	0.036	2.09325	0.09325	4.036	-0.377
Hs.3068	3	150258809	0.033	-0.025	2.25725	0.25725	3.975	0.033
Hs.351316	3	150573087.5	-0.088	0.137	2.06025	0.06025	4.137	-0.088
Hs.439874	3	151773327	-0.481	-0.123	2.42725	0.42725	3.877	-0.481
Hs.85195	3	159805136.5	-0.01	0.496	2.57325	0.57325	4.496	NA
Hs.673	3	161192930.5	0.105	-0.143	2.22825	0.22825	3.857	0.105
Hs.424619	3	168909845.5	-0.462	0.089	2.22325	0.22325	4.089	NA
Hs.436019	3	170316110	-0.711	0.138	2.43725	0.43725	4.138	-0.711
Hs.167584	3	172212154	-0.2065	-0.0835	2.09575	0.09575	3.9165	-0.2065
Hs.387871	3	173715068	-0.356	0.141	2.58325	0.58325	4.141	-0.356
Hs.438970	3	178309105.5	0.513	0.907	2.31625	0.31625	4.907	0.513
Hs.85482	3	180987942	-0.841	-0.319	2.39225	0.39225	3.681	NA
Hs.22010	3	185133097	0.242	0.219	1.84325	-0.15675	4.219	0.242
Hs.1166	3	185575554	0.038	0.426	2.03525	0.03525	4.426	0.038
Hs.401388	3	186809188	-0.355	0.319	2.18025	0.18025	4.319	-0.355
Hs.2554	3	188275752	-0.07	0.386	2.01625	0.01625	4.386	NA
Hs.143527	3	191783297.5	-0.0925	-0.147	2.81275	0.81275	3.853	-0.0925
Hs.386193	3	193717086.5	-0.7655	-0.375	2.54975	0.54975	3.625	-0.7655
Hs.185726	3	197280860	-0.343	-0.277	1.72125	-0.27875	3.723	NA
Hs.284275	3	198001446.5	0.2205	-0.1125	2.16075	0.16075	3.8875	0.2205
Hs.240770	3	198154164	-0.015	0.114	1.95625	-0.04375	4.114	NA
Hs.499355	3	198925867.5	0.226	0.159	1.75425	-0.24575	4.159	0.226
Hs.183706	4	2925836	0.397	-0.303	1.87525	-0.12475	3.697	0.397
Hs.13872	4	5135683.5	0.002	-0.223	2.13425	0.13425	3.777	0.002
Hs.26077	4	6415674.5	-0.179	-0.103	1.58025	-0.41975	3.897	NA
Hs.467614	4	7169722	-0.1385	-0.205	2.08775	0.08775	3.795	NA
Hs.95497	4	9715199	-0.095	-0.406	2.14925	0.14925	3.594	-0.095
Hs.105941	4	13220514.5	-0.611	-0.307	2.21325	0.21325	3.693	-0.611
Hs.5548	4	15307852	-0.165	-0.593	2.46225	0.46225	3.407	-0.165
Hs.87202	4	41589471	-0.54	0.26	1.99125	-0.00875	4.26	-0.54
Hs.21398	4	44534348	-0.358	-0.002	2.21975	0.21975	3.998	-0.358
Hs.479669	4	47975338	0.172	0.003	1.48325	-0.51675	4.003	NA
Hs.438953	4	52729020	-0.2435	-0.4595	2.53825	0.53825	3.5405	-0.2435
Hs.407755	4	54225865	-0.044	-0.043	2.07625	0.07625	3.957	-0.044
Hs.74615	4	54970734	-0.048	-0.173	2.37225	0.37225	3.827	-0.048
Hs.81665	4	55406435.5	0.078	0.292	2.08425	0.08425	4.292	NA
Hs.444439	4	57169693.5	-0.344	-0.197	2.15725	0.15725	3.803	-0.344
Hs.13775	4	57359284.5	-0.139	0.109	1.77525	-0.22475	4.109	NA
Hs.385945	4	66362289.5	-0.513	-0.166	2.58725	0.58725	3.834	-0.513
Hs.58871	4	69947314.5	-0.681	-0.174	2.08525	0.08525	3.826	-0.681
Hs.709	4	72243027.5	-0.406	-0.006	2.15825	0.15825	3.994	NA
Hs.2164	4	75218239	0.083	0.46	2.45625	0.45625	4.46	NA
Hs.89690	4	75268559.5	-0.325	-0.281	2.01125	0.01125	3.719	-0.325
Hs.270833	4	75683700	-0.186	-0.127	1.81425	-0.18575	3.873	-0.186
Hs.105460	4	76272391	-0.138	0.229	1.72625	-0.27375	4.229	NA
Hs.310540	4	76901797	0.393	-0.29	2.19625	0.19625	3.71	NA
Hs.77367	4	77282738	-0.075	0.064	2.00125	0.00125	4.064	-0.075
Hs.18442	4	83724180	-0.655	-0.088	2.12025	0.12025	3.912	-0.655
Hs.301789	4	88707195.5	0.123	-0.167	1.95625	-0.04375	3.833	NA
Hs.43744	4	89536816.5	-0.346	0.335	2.37125	0.37125	4.335	-0.346
Hs.272458	4	102463647.5	-0.099	-0.0015	2.19725	0.19725	3.9985	-0.099
Hs.411826	4	104082964	-0.3465	0.12	2.36825	0.36825	4.12	-0.3465
Hs.105656	4	107610854	0.463	-0.139	1.42225	-0.57775	3.861	0.463
Hs.3833	4	108945724	-0.18	-0.642	2.28125	0.28125	3.358	NA
Hs.173705	4	120577571	-0.101	0.122	1.83325	-0.16675	4.122	-0.101
Hs.145741	4	122947762.5	-0.175	-0.113	2.44725	0.44725	3.887	-0.175
Hs.436944	4	124680401	-0.101	0.126	2.31425	0.31425	4.126	-0.101
Hs.135554	4	129086592	0.371	-0.387	2.03425	0.03425	3.613	NA
Hs.130269	4	144839226	-0.642	-0.27	2.28925	0.28925	3.73	NA
Hs.29645	4	148940008.5	-0.13	0.127	2.01025	0.01025	4.127	-0.13
Hs.319946	4	154240128.5	-0.33	0.187	1.90125	-0.09875	4.187	-0.33
Hs.75431	4	155887373.5	-0.491	-0.145	2.61125	0.61125	3.855	NA
Hs.79141	4	178034441.5	0.138	-0.034	2.56325	0.56325	3.966	NA
Hs.76894	4	184199138	-0.187	0.0136666666666667	2.09358333333333	0.0935833333333333	4.01366666666667	NA
Hs.257336	4	184552484	0.21	0.127	2.21125	0.21125	4.127	0.21
Hs.196927	5	1933214	-0.082	-0.441	1.74325	-0.25675	3.559	-0.082
Hs.1600	5	10318983	0.591	-0.085	2.16925	0.16925	3.915	NA
Hs.436421	5	11491028.5	0.302	0.134	2.12225	0.12225	4.134	NA
Hs.368605	5	34780412.5	-0.166	0.136	2.11125	0.11125	4.136	NA
Hs.254699	5	36008215	0.173	-0.12	1.95825	-0.04175	3.88	0.173
Hs.23348	5	36219643	0.127	0.313	2.19125	0.19125	4.313	0.127
Hs.276506	5	39198268.5	0.5155	-0.1845	2.12475	0.12475	3.8155	0.5155
Hs.43322	5	40814641.5	0.137	0.0775	1.95625	-0.04375	4.0775	0.137
Hs.275775	5	42841746	-0.028	0.27	2.48425	0.48425	4.27	NA
Hs.124165	5	44854513.5	-0.494	-0.795	2.55425	0.55425	3.205	-0.494
Hs.439320	5	52275408	-0.425	-0.07	2.46925	0.46925	3.93	-0.425
Hs.289044	5	54495205	-0.401	-0.142	1.90725	-0.09275	3.858	-0.401
Hs.170610	5	56186877	0.055	0.104	2.38025	0.38025	4.104	0.055
Hs.71252	5	56550399	-0.225	0.094	2.43825	0.43825	4.094	NA
Hs.422901	5	68904339	-0.619	-0.581	1.85425	-0.14575	3.419	-0.619
Hs.125720	5	68928772	-0.26	-0.292	1.62725	-0.37275	3.708	NA
Hs.508565	5	69428257.5	-0.489	-0.339	1.98225	-0.01775	3.661	-0.489
Hs.79299	5	77829337.5	-0.295	0.166	1.95725	-0.04275	4.166	NA
Hs.438240	5	79775181	-0.487	0.088	1.81625	-0.18375	4.088	-0.487
Hs.83765	5	79972187.5	-0.249666666666667	0.0113333333333333	2.17591666666667	0.175916666666667	4.01133333333333	-0.249666666666667
Hs.410953	5	80425011	0.109	-0.229	1.86425	-0.13575	3.771	NA
Hs.355606	5	82396683.5	-0.305	-0.466	2.12625	NA	3.534	-0.305
Hs.368950	5	88142719	0.2	0.602	1.63725	NA	4.602	0.2
Hs.153692	5	90193107.5	-0.277	-0.247	1.87325	NA	3.753	-0.277
Hs.436186	5	96143202.5	0.229	0.009	1.69525	NA	4.009	0.229
Hs.121558	5	108331346.5	-0.495	-0.257	1.95125	NA	3.743	-0.495
Hs.75081	5	112163999.5	-0.282	-0.198666666666667	1.74791666666667	NA	3.80133333333333	-0.282
Hs.406191	5	115275146.5	-0.274	-0.386	2.34525	NA	3.614	NA
Hs.423367	5	122748464.5	-0.468	-0.125	2.09825	NA	3.875	NA
Hs.5985	5	130692975	-0.351	0.077	1.94625	NA	4.077	-0.351
Hs.845	5	132023231.5	-0.142	0.103	1.75725	NA	4.103	NA
Hs.29700	5	132375363	0.132	0.925	2.16125	NA	4.925	NA
Hs.283437	5	133325738	-0.3785	-0.15	1.96975	NA	3.85	NA
Hs.404814	5	133403231	-0.63	-0.002	2.41325	NA	3.998	NA
Hs.279582	5	133974255	-0.479	0.089	2.01925	NA	4.089	NA
Hs.75258	5	134718236.5	0.0305	0.227	1.63475	NA	4.227	0.0305
Hs.153546	5	137564076.5	-1.078	0.406	1.77625	NA	4.406	NA
Hs.326035	5	137830991	0.066	0.133	1.74725	NA	4.133	NA
Hs.184233	5	137928968	0.382	0.17	1.42925	NA	4.17	NA
Hs.396644	5	138719667	0.12	0.278	1.84125	NA	4.278	0.12
Hs.408515	5	139305253	0.077	-0.086	2.28925	NA	3.914	0.077
Hs.163867	5	140006188	-0.141	-0.352	2.17525	NA	3.648	-0.141
Hs.247734	5	140210734	-0.180111111111111	-0.0288888888888889	1.81336111111111	NA	3.97111111111111	NA
Hs.283678	5	140584184	-0.241	-0.363	1.84425	NA	3.637	-0.241
Hs.283794	5	140753144.5	0.185	0.0665	1.74625	NA	4.0665	NA
Hs.388681	5	140987769.5	-0.094	0.107	1.54825	NA	4.107	-0.094
Hs.300052	5	145839183.5	-0.465	-0.149	1.86725	NA	3.851	-0.465
Hs.128572	5	146279254	-0.007	-0.016	1.89725	NA	3.984	NA
Hs.435228	5	150009703.5	0.233	0.599	1.20825	NA	4.599	0.233
Hs.29444	5	150147094.5	0.041	0.16	2.18325	NA	4.16	0.041
Hs.132158	5	150896272	0.247	-0.033	1.91125	NA	3.967	0.247
Hs.211201	5	156690872	0.092	0.105	1.90125	NA	4.105	NA
Hs.434243	5	167740505.5	0.003	-0.122	1.72625	NA	3.878	0.003
Hs.17211	5	169219914.5	-0.416	0.047	1.86325	NA	4.047	-0.416
Hs.2488	5	169632532.5	-0.162	-0.222	1.76425	NA	3.778	-0.162
Hs.221281	5	171254590.5	0.36	0.053	1.96925	NA	4.053	NA
Hs.179852	5	171570526.5	-0.413	0.184	2.30125	NA	4.184	-0.413
Hs.91521	5	172049137	-0.095	-0.071	1.94025	NA	3.929	NA
Hs.440165	5	172368768.5	-0.068	0.155	2.07325	NA	4.155	-0.068
Hs.442993	5	176668305.5	-0.382	0.001	2.14825	NA	4.001	NA
Hs.509207	5	177243583.5	-0.145	-0.047	1.72125	NA	3.953	-0.145
Hs.348446	5	179617801.5	-0.35	-0.2265	2.01825	NA	3.7735	-0.35
