L.1
NA
NA
NA
NA
NA
0.294
0.355
0.499
0.077
0.265
0.143
-0.162
0.452
0.199
0.007
0.052
0.069
0.035
-0.148
0.1405
0.282
-0.486
-0.015
0.332
0.374
-0.264
0.206
-0.513
-0.025
0.0325
0.063
0.247
0.26
0.267
0.248
-0.215
-0.011
0.33
0.056
-0.219
0.007
0.314
0.462
0.232
0.106
-0.014
0.702
0.238
-0.17
-0.655
0.05
0.108
0.339
0.487
-0.055
-0.203
0.327
0.136
-0.224
-0.233
0.369
0.246
0.347
-0.007
0.585
0.079
0.0025
0.459
0.075
0.00449999999999999
0.13
0.017
0.304
0.267
-0.125
-0.276
0.12
0.028
0.112
-0.003
0.174
0.222
0.659
-0.377
-0.027
-0.1935
-0.007
0.378
0.423
0.194
-0.142
-0.116
0.022
-0.229
0.186
0.115
0.075
0.229
-0.3905
0.074
-0.089
0.305
-0.225
0.081
-0.237
0.249
0.07
-0.442
0.382
0.475
0.436
0.276
-0.267
0.243
0.211
0.287
0.259
0.491
-0.128
0.159
0.517
-0.209
0.296
-0.08
-0.455
0.073
0.063
-0.13
-0.438
-0.171
0.28
0.361666666666667
0.101
-0.052
0.1535
-0.225
0.073
-0.154
0.06
0.164
0.397
0.072
-0.0925
0.033
0.1335
0.092
-0.3195
0.263
0.5
-0.208
0.123
-0.342
0.084
0.209
0.16
0.394
0.223
0.018
0.05
-0.257
0.44
-0.084
-0.072
0.085
0.147
-0.12
-0.071
0.06
-0.156
-0.441
0.186
0.166
0.649
-0.094
0.775
-0.596
-0.133
-0.171
-0.012
-0.483
-0.082
0.219
0.258
0.097
0.328
-0.178
0.187
0.246
0.018
-0.1385
0.027
-0.15
-0.164
0.086
-0.042
0.076
-0.005
-0.504
0.083
0.245
-0.086
0.309
0.16
-0.142
0.057
-0.361
0.015
0.186
-0.361
-0.138
-0.0655
0.156
-0.232
-0.244
-0.583
-0.261
-0.128
0.02
0.134666666666667
-0.086
-0.3185
-0.616
0.22
0.047
0.003
-0.582
-0.466
0.065
-0.128
-0.016
0.299
-0.082
-0.204
-0.0563333333333333
0.162
-0.335
-0.245
-0.078
-0.333
0.475
-0.291
0.224
-0.213
-0.111
0.256
-0.029
0.0495
0.191
-0.209
-0.063
-0.254
0.118
-0.062
-0.448
-0.469
-0.208
-0.542
-0.135
-0.457
-0.126
-0.253
-0.266333333333333
-0.134
-0.025
-0.11
0.246
-0.116
-0.002
0.883
-0.563
0.347
-0.402
-0.007
-0.178
-0.362
0.0533333333333333
0.133
0.117
0.246
0.047
-0.351
-0.266
-0.152
0.275
-0.321
-0.474
-0.183
-0.1595
0.128
-0.1685
0.109
-0.295
-0.34
-0.044
-0.042
0.198
0.244
0.002
0.045
0.3585
-0.047
0.678
0.012
0.257
0.048
0.165
-0.299
-0.036
-0.058
0.089
0.245
0.058
-0.306
-0.073
0.11
0.161
-0.225666666666667
0.328
-0.312
-0.44
-0.408
-0.281
0.063
-0.0825
-0.52
0.385
-0.034
0.68
0.051
0.07
0.025
-0.165
-0.01
0.203
0.337
-0.195
0.113
-0.309
0.022
0.011
0.105
0.568
0.165
-0.1465
-0.123
-0.381
0.148
0.077
-0.226
-0.235
-0.294
-0.33
-0.101
-0.022
-0.213
0.178
-0.115
0.294
-0.29
-0.38
-0.029
-0.6285
-0.393
-0.462
-0.11
-0.236
-0.421
-0.285
-0.485
-0.22
0.072
-0.064
-0.543
-0.377
0.033
-0.088
-0.481
-0.01
0.105
-0.462
-0.711
-0.2065
-0.356
0.513
-0.841
0.242
0.038
-0.355
-0.07
-0.0925
-0.7655
-0.343
0.2205
-0.015
0.226
0.397
0.002
-0.179
-0.1385
-0.095
-0.611
-0.165
-0.54
-0.358
0.172
-0.2435
-0.044
-0.048
0.078
-0.344
-0.139
-0.513
-0.681
-0.406
0.083
-0.325
-0.186
-0.138
0.393
-0.075
-0.655
0.123
-0.346
-0.099
-0.3465
0.463
-0.18
-0.101
-0.175
-0.101
0.371
-0.642
-0.13
-0.33
-0.491
0.138
-0.187
0.21
-0.082
0.591
0.302
-0.166
0.173
0.127
0.5155
0.137
-0.028
-0.494
-0.425
-0.401
0.055
-0.225
-0.619
-0.26
-0.489
-0.295
-0.487
-0.249666666666667
0.109
-0.305
0.2
-0.277
0.229
-0.495
-0.282
-0.274
-0.468
-0.351
-0.142
0.132
-0.3785
-0.63
-0.479
0.0305
-1.078
0.066
0.382
0.12
0.077
-0.141
-0.180111111111111
-0.241
0.185
-0.094
-0.465
-0.007
0.233
0.041
0.247
0.092
0.003
-0.416
-0.162
0.36
-0.413
-0.095
-0.068
-0.382
-0.145
-0.35
