L3
6.038
6.028
6.042
NA
NA
NA
NA
NA
NA
NA
NA
NA
6.075
6.036
6.318
5.949
5.794
5.917
6.374
6.036
4.164
3.941
4.038
3.794
3.789
3.911
4.214
3.232
4.007
3.8785
3.837
4.235
4.396
3.862
3.834
3.978
3.976
3.758
4.16
3.509
4.134
4.097
4.071
3.73
4.1135
3.943
3.654
3.793
3.738
4.506
3.8715
4.104
4.02
4.194
3.951
4.181
4.14
4.292
4.073
3.948
3.932
4.205
3.95
3.643
4.721
4.09
3.95
3.988
3.805
3.9955
4.129
4.159
4.434
3.98
4.029
4.05
4
4.082
3.956
4.213
3.859
4.362
4.368
3.904
4.153
3.958
3.874
4.223
3.871
4.192
3.886
3.842
3.876
3.764
4.189
4.087
4.225
3.581
4.0285
0.8495
1.073
1.602
0.851
1.063
0.815
1.07
1.328
0.799
1.172
1.376
1.139
1.085
1.029
0.934
1.163
1.111
1.033
1.092
1.208
0.972
1.182
0.781
0.712
0.997
0.962
1.1
1.732
0.649
0.653
0.8
0.913
1.08533333333333
0.866
0.988
1.3845
1.192
1.076
0.967
0.516
0.761
1.084
1.557
1.0105
0.873333333333334
0.8545
0.826
0.8985
0.637
0.995
-12.898
-12.793
-13.1
-12.9015
-13.144
-12.878
-12.71
-13.009
-12.608
-13.022
-13.011
-12.994
-13.206
-12.47
-12.749
-12.975
-13.136
-13.197
-12.607
-13.114
-13.011
-12.742
-12.748
-12.893
-13.047
-13.071
-13.043
-12.679
-12.768
-13.177
-12.952
-13.099
-12.974
-13.077
-12.765
-13.008
-13.108
-13.118
-12.749
-13.151
-12.98
-12.919
-12.821
-13.252
-12.985
-13.094
-13.025
-12.805
-13.273
-13.075
-13.035
3.919
4.202
4.323
3.978
4.103
3.862
4.247
3.731
3.802
3.949
4.1035
3.901
3.988
4.044
3.275
4.08
3.933
3.761
4.09333333333333
3.861
3.5885
3.925
3.824
3.986
3.978
3.616
4.066
4.188
3.792
4.096
4.56
3.751
4.125
4.14633333333333
4.1125
3.697
3.818
3.981
3.887
3.949
4.625
3.991
4.037
3.928
4.478
4.033
4.1535
3.774
3.729
4.081
4.221
3.789
3.915
3.954
3.739
3.81
4.198
3.958
3.924
3.937
3.905
3.816
3.917
3.9
4.083
3.867
4.002
3.832
4.428
4.238
4.198
3.856
3.939
3.805
3.865
3.96133333333333
3.965
3.978
4.317
3.989
4.105
3.996
3.761
4.033
4.064
3.671
3.946
4.002
4.217
4.124
4.12
4.01
3.808
4.409
4.137
4.019
4.156
3.765
3.887
3.821
4.521
3.927
4.03
4.111
3.785
4.016
3.962
3.985
4.066
4.276
3.693
4.484
4.098
4
4.386
4.23
3.973
4.556
3.773
3.921
3.89
3.9195
3.717
3.925
4.059
4.221
4.294
4.767
4.101
4.237
4.01
3.92
4.282
4.097
4.574
4.132
4.258
4.144
3.823
3.847
4.169
5.076
3.834
3.883
3.834
3.616
3.589
4.275
3.827
4.234
3.912
3.911
3.941
4.036
4.171
4.076
4.066
4.166
4.385
3.582
4.025
3.33
4.118
3.849
3.57
3.829
3.899
4.016
4.252
3.9595
4.131
3.957
3.855
4.036
3.975
4.137
3.877
4.496
3.857
4.089
4.138
3.9165
4.141
4.907
3.681
4.219
4.426
4.319
4.386
3.853
3.625
3.723
3.8875
4.114
4.159
3.697
3.777
3.897
3.795
3.594
3.693
3.407
4.26
3.998
4.003
3.5405
3.957
3.827
4.292
3.803
4.109
3.834
3.826
3.994
4.46
3.719
3.873
4.229
3.71
4.064
3.912
3.833
4.335
3.9985
4.12
3.861
3.358
4.122
3.887
4.126
3.613
3.73
4.127
4.187
3.855
3.966
4.01366666666667
4.127
3.559
3.915
4.134
4.136
3.88
4.313
3.8155
4.0775
4.27
3.205
3.93
3.858
4.104
4.094
3.419
3.708
3.661
4.166
4.088
4.01133333333333
3.771
3.534
4.602
3.753
4.009
3.743
3.80133333333333
3.614
3.875
4.077
4.103
4.925
3.85
3.998
4.089
4.227
4.406
4.133
4.17
4.278
3.914
3.648
3.97111111111111
3.637
4.0665
4.107
3.851
3.984
4.599
4.16
3.967
4.105
3.878
4.047
3.778
4.053
4.184
3.929
4.155
4.001
3.953
3.7735
