m6
NA
NA
NA
NA
NA
NA
0.355
0.499
NA
0.265
NA
-0.162
0.452
0.199
0.007
NA
0.069
0.035
-0.148
0.1405
NA
NA
NA
0.332
NA
NA
NA
NA
-0.025
0.0325
0.063
0.247
0.26
NA
0.248
-0.215
NA
NA
0.056
-0.219
NA
0.314
0.462
NA
0.106
-0.014
NA
0.238
NA
NA
0.05
0.108
NA
NA
-0.055
-0.203
0.327
NA
-0.224
NA
0.369
NA
NA
-0.007
0.585
NA
0.0025
0.459
0.075
NA
0.13
0.017
0.304
0.267
-0.125
-0.276
0.12
0.028
NA
NA
0.174
NA
0.659
NA
NA
NA
NA
0.378
0.423
NA
-0.142
NA
NA
NA
0.186
0.115
0.075
0.229
-0.3905
0.074
-0.089
0.305
-0.225
NA
-0.237
NA
0.07
-0.442
0.382
0.475
NA
NA
-0.267
0.243
0.211
0.287
NA
0.491
-0.128
NA
0.517
NA
0.296
-0.08
NA
0.073
NA
-0.13
-0.438
-0.171
NA
NA
NA
NA
0.1535
-0.225
0.073
-0.154
NA
0.164
0.397
0.072
NA
0.033
NA
0.092
-0.3195
NA
0.5
NA
NA
-0.342
0.084
0.209
NA
NA
NA
0.018
0.05
-0.257
0.44
NA
NA
NA
NA
-0.12
-0.071
0.06
-0.156
NA
0.186
NA
NA
-0.094
0.775
-0.596
-0.133
NA
NA
-0.483
NA
NA
0.258
0.097
NA
-0.178
NA
0.246
NA
NA
NA
-0.15
-0.164
0.086
NA
0.076
NA
-0.504
0.083
0.245
-0.086
0.309
0.16
-0.142
NA
-0.361
0.015
0.186
-0.361
NA
-0.0655
0.156
-0.232
-0.244
NA
-0.261
NA
NA
NA
-0.086
NA
NA
NA
NA
0.003
NA
NA
NA
NA
NA
NA
-0.082
-0.204
-0.0563333333333333
0.162
-0.335
NA
-0.078
-0.333
NA
-0.291
NA
-0.213
-0.111
0.256
-0.029
0.0495
0.191
-0.209
-0.063
-0.254
0.118
NA
NA
NA
NA
-0.542
-0.135
-0.457
-0.126
NA
-0.266333333333333
-0.134
NA
-0.11
0.246
-0.116
NA
NA
-0.563
0.347
-0.402
NA
NA
-0.362
0.0533333333333333
0.133
0.117
0.246
NA
NA
NA
-0.152
0.275
NA
NA
NA
-0.1595
0.128
NA
NA
NA
NA
-0.044
NA
NA
0.244
NA
0.045
NA
-0.047
0.678
NA
0.257
NA
0.165
NA
NA
-0.058
NA
NA
0.058
NA
-0.073
0.11
0.161
NA
0.328
NA
-0.44
-0.408
-0.281
0.063
-0.0825
-0.52
0.385
-0.034
0.68
0.051
NA
NA
NA
-0.01
NA
NA
-0.195
NA
-0.309
NA
0.011
0.105
NA
0.165
NA
NA
NA
NA
NA
-0.226
-0.235
-0.294
NA
-0.101
-0.022
-0.213
0.178
NA
0.294
NA
-0.38
-0.029
NA
-0.393
-0.462
NA
NA
NA
NA
-0.485
-0.22
0.072
-0.064
-0.543
-0.377
0.033
-0.088
-0.481
NA
0.105
NA
-0.711
-0.2065
-0.356
0.513
NA
0.242
0.038
-0.355
NA
-0.0925
-0.7655
NA
0.2205
NA
0.226
0.397
0.002
NA
NA
-0.095
-0.611
-0.165
-0.54
-0.358
NA
-0.2435
-0.044
-0.048
NA
-0.344
NA
-0.513
-0.681
NA
NA
-0.325
-0.186
NA
NA
-0.075
-0.655
NA
-0.346
-0.099
-0.3465
0.463
NA
-0.101
-0.175
-0.101
NA
NA
-0.13
-0.33
NA
NA
NA
0.21
-0.082
NA
NA
NA
0.173
0.127
0.5155
0.137
NA
-0.494
-0.425
-0.401
0.055
NA
-0.619
NA
-0.489
NA
-0.487
-0.249666666666667
NA
-0.305
0.2
-0.277
0.229
-0.495
-0.282
NA
NA
-0.351
NA
NA
NA
NA
NA
0.0305
NA
NA
NA
0.12
0.077
-0.141
NA
-0.241
NA
-0.094
-0.465
NA
0.233
0.041
0.247
NA
0.003
-0.416
-0.162
NA
-0.413
NA
-0.068
NA
-0.145
-0.35
