L.2
0.038
0.028
0.042
0.285
0.058
-0.006
0.144
-0.192
-0.09
0.305
NA
NA
NA
NA
NA
NA
NA
NA
NA
NA
NA
NA
NA
NA
NA
-0.089
0.214
-0.768
0.007
-0.1215
-0.163
0.235
0.396
-0.138
-0.166
-0.022
-0.024
-0.242
0.16
-0.491
0.134
0.097
0.071
-0.27
0.1135
-0.057
-0.346
-0.207
-0.262
0.506
-0.1285
0.104
0.02
0.194
-0.049
0.181
0.14
0.292
0.073
-0.052
-0.068
0.205
-0.05
-0.357
0.721
0.09
-0.05
-0.012
-0.195
-0.0045
0.129
0.159
0.434
-0.02
0.029
0.05
0
0.082
-0.044
0.213
-0.141
0.362
0.368
-0.096
0.153
-0.042
-0.126
0.223
-0.129
0.192
-0.114
-0.158
-0.124
-0.236
0.189
0.087
0.225
-0.419
0.0285
-0.1505
0.073
0.602
-0.149
0.063
-0.185
0.07
0.328
-0.201
0.172
0.376
0.139
0.085
0.029
-0.066
0.163
0.111
0.033
0.092
0.208
-0.028
0.182
-0.219
-0.288
-0.003
-0.038
0.1
0.732
-0.351
-0.347
-0.2
-0.087
0.0853333333333333
-0.134
-0.012
0.3845
0.192
0.076
-0.033
-0.484
-0.239
0.084
0.557
0.0105
-0.126666666666667
-0.1455
-0.174
-0.1015
-0.363
-0.005
0.102
0.207
-0.1
0.0985
-0.144
0.122
0.29
-0.009
0.392
-0.022
-0.011
0.006
-0.206
0.53
0.251
0.025
-0.136
-0.197
0.393
-0.114
-0.011
0.258
0.252
0.107
-0.047
-0.071
-0.043
0.321
0.232
-0.177
0.048
-0.099
0.026
-0.077
0.235
-0.008
-0.108
-0.118
0.251
-0.151
0.02
0.081
0.179
-0.252
0.015
-0.094
-0.025
0.195
-0.273
-0.075
-0.035
-0.081
0.202
0.323
-0.022
0.103
-0.138
0.247
-0.269
-0.198
-0.051
0.1035
-0.099
-0.012
0.044
-0.725
0.08
-0.067
-0.239
0.0933333333333333
-0.139
-0.4115
-0.075
-0.176
-0.014
-0.022
-0.384
0.066
0.188
-0.208
0.096
0.56
-0.249
0.125
0.146333333333333
0.1125
-0.303
-0.182
-0.019
-0.113
-0.051
0.625
-0.009
0.037
-0.072
0.478
0.033
0.1535
-0.226
-0.271
0.081
0.221
-0.211
-0.085
-0.046
-0.261
-0.19
0.198
-0.042
-0.076
-0.063
-0.095
-0.184
-0.083
-0.1
0.083
-0.133
0.002
-0.168
0.428
0.238
0.198
-0.144
-0.061
-0.195
-0.135
-0.0386666666666667
-0.035
-0.022
0.317
-0.011
0.105
-0.004
-0.239
0.033
0.064
-0.329
-0.054
0.002
0.217
0.124
0.12
0.01
-0.192
0.409
0.137
0.019
0.156
-0.235
-0.113
-0.179
0.521
-0.073
0.03
0.111
-0.215
0.016
-0.038
-0.015
0.066
0.276
-0.307
0.484
0.098
0
0.386
0.23
-0.027
0.556
-0.227
-0.079
-0.11
-0.0805
-0.283
-0.075
0.059
0.221
0.294
0.767
0.101
0.237
0.01
-0.08
0.282
0.097
0.574
0.132
0.258
0.144
-0.177
-0.153
0.169
1.076
-0.166
-0.117
-0.166
-0.384
-0.411
0.275
-0.173
0.234
-0.088
-0.089
-0.059
0.036
0.171
0.076
0.066
0.166
0.385
-0.418
0.025
-0.67
0.118
-0.151
-0.43
-0.171
-0.101
0.016
0.252
-0.0405
0.131
-0.043
-0.145
0.036
-0.025
0.137
-0.123
0.496
-0.143
0.089
0.138
-0.0835
0.141
0.907
-0.319
0.219
0.426
0.319
0.386
-0.147
-0.375
-0.277
-0.1125
0.114
0.159
-0.303
-0.223
-0.103
-0.205
-0.406
-0.307
-0.593
0.26
-0.002
0.003
-0.4595
-0.043
-0.173
0.292
-0.197
0.109
-0.166
-0.174
-0.006
0.46
-0.281
-0.127
0.229
-0.29
0.064
-0.088
-0.167
0.335
-0.0015
0.12
-0.139
-0.642
0.122
-0.113
0.126
-0.387
-0.27
0.127
0.187
-0.145
-0.034
0.0136666666666667
0.127
-0.441
-0.085
0.134
0.136
-0.12
0.313
-0.1845
0.0775
0.27
-0.795
-0.07
-0.142
0.104
0.094
-0.581
-0.292
-0.339
0.166
0.088
0.0113333333333333
-0.229
-0.466
0.602
-0.247
0.009
-0.257
-0.198666666666667
-0.386
-0.125
0.077
0.103
0.925
-0.15
-0.002
0.089
0.227
0.406
0.133
0.17
0.278
-0.086
-0.352
-0.0288888888888889
-0.363
0.0665
0.107
-0.149
-0.016
0.599
0.16
-0.033
0.105
-0.122
0.047
-0.222
0.053
0.184
-0.071
0.155
0.001
-0.047
-0.2265
