m5
3.22625
3.17425
3.17425
2.62425
2.85125
2.68525
3.01125
2.34025
2.97325
2.50525
3.19525
3.34925
2.62725
2.57325
2.65425
3.04975
2.73825
2.9065
2.64625
2.84125
2.73025
2.67725
3.18625
3.04625
3.33325
3.10225
2.96525
3.33875
3.43625
7.19675
7.11825
6.41425
6.69925
7.21825
7.01425
6.90325
7.16425
6.85725
6.89525
7.37325
7.08525
6.97175
6.90625
6.97525
6.82425
6.99525
6.82325
6.94625
7.20125
7.13625
3.05325
2.54925
2.71825
2.84225
3.33225
3.12525
2.78925
2.97925
3.22425
2.69725
3.31225
2.92125
2.88225
2.98625
2.58325
3.09625
2.83625
2.57625
2.87325
3.06125
2.75325
2.72825
3.05625
2.63525
3.22125
3.08725
2.89025
2.87725
2.89225
3.24325
3.09325
2.97525
2.76125
2.93625
2.79825
3.11375
2.77525
2.47425
2.89425
2.45925
3.17225
2.94325
3.18125
2.95625
2.75325
3.25325
2.93225
2.62025
3.49925
2.69275
2.72025
3.04925
3.19825
2.84725
3.18225
2.50225
3.05225
3.24725
2.90525
3.05125
2.64925
2.70325
3.11125
2.74025
2.40125
2.55725
2.89325
2.79325
2.82425
2.91925
2.56225
3.23825
2.66625
2.78325
2.88925
2.72025
3.56025
3.27125
2.97325
2.79425
2.76225
2.59258333333333
3.02525
3.15025
2.99875
2.87825
2.88625
3.26025
3.04325
2.58925
2.89425
2.59025
2.57325
2.39325
2.85825
2.89725
3.11225
3.06475
2.75625
9.00425
9.26325
9.31725
8.82825
9.12125
9.13825
8.95825
8.61325
8.85625
8.97225
8.91125
8.43125
8.96725
8.81025
9.13925
8.84225
9.10925
8.94325
9.01825
9.60425
9.42725
9.10725
9.47225
8.84825
9.07425
8.57825
9.35225
8.91825
9.36525
9.08025
9.12925
5.85225
5.81625
5.96525
6.18925
5.77625
6.12025
5.81958333333333
5.99225
5.68725
6.05975
6.41125
6.22225
6.35925
5.79325
5.92925
5.79525
6.15525
6.28025
5.60625
5.86225
-0.05475
-0.00875
-0.12375
0.06725
0.06225
0.20825
-0.47175
0.09825
0.43325
0.15825
0.11375
-0.13275
0.49125
-0.16675
0.10725
-0.13475
0.36625
-0.05575
0.120583333333333
0.08225
0.35625
-0.19875
-0.02175
-0.20575
-0.30175
0.13925
-0.08975
0.09025
0.36325
-0.00575
-0.45275
0.28025
-0.05875
0.51025
-0.16425
0.14825
0.08225
0.73125
-0.31775
-0.55375
-0.26675
-0.22175
0.14725
0.30125
-0.01875
0.04725
0.05975
-0.46975
-0.41975
0.33125
-0.05575
-0.03875
0.29525
0.70525
0.43425
0.30025
-0.13175
0.29525
-0.04375
0.50025
-0.26475
0.128916666666667
0.53825
0.02425
0.25925
-0.45075
0.15925
0.06825
0.22625
0.28625
-0.27875
0.37425
-0.06875
0.67725
0.27525
0.0419166666666667
0.02325
-0.23475
0.10925
-0.34075
0.27225
-0.89775
-2.18675
-0.12475
0.42525
0.91125
0.21925
0.22575
0.30125
0.16275
-0.20975
0.48925
0.47925
0.01425
-0.17075
0.01025
-0.21975
0.58725
0.06125
-3.90525
-3.78675
-3.83575
-3.77975
-4.01175
-3.94975
-4.16875
-3.74075
-3.73975
-4.38275
-3.95075
-3.75675
-4.03775
-4.14075
-4.20075
-4.23175
-4.67275
-3.86375
-3.93475
-3.74575
-3.68775
-3.76575
-3.63325
-4.16275
-4.01275
-4.15975
-3.89575
-4.02075
-4.12275
-3.96275
-3.86275
-4.20575
-3.99075
-4.26575
-4.29375
-4.49075
-4.03675
-4.24675
-4.09475
-4.06075
-4.25875
-4.23975
-4.32275
-4.02075
-3.89975
-3.83725
-4.12875
-3.71575
-3.84275
-3.69375
-3.57175
0.34625
0.22025
-0.23875
0.29025
0.18125
-0.01275
-0.34175
-0.11475
0.68225
0.25225
0.69625
0.49575
0.38825
0.22825
0.31325
0.11925
0.00025
0.13425
0.06225
0.15625
-0.66275
0.31825
0.12625
0.09325
0.25725
0.06025
0.42725
0.57325
0.22825
0.22325
0.43725
0.09575
0.58325
0.31625
0.39225
-0.15675
0.03525
0.18025
0.01625
0.81275
0.54975
-0.27875
0.16075
-0.04375
-0.24575
-0.12475
0.13425
-0.41975
0.08775
0.14925
0.21325
0.46225
-0.00875
0.21975
-0.51675
0.53825
0.07625
0.37225
0.08425
0.15725
-0.22475
0.58725
0.08525
0.15825
0.45625
0.01125
-0.18575
-0.27375
0.19625
0.00125
0.12025
-0.04375
0.37125
0.19725
0.36825
-0.57775
0.28125
-0.16675
0.44725
0.31425
0.03425
0.28925
0.01025
-0.09875
0.61125
0.56325
0.0935833333333333
0.21125
-0.25675
0.16925
0.12225
0.11125
-0.04175
0.19125
0.12475
-0.04375
0.48425
0.55425
0.46925
-0.09275
0.38025
0.43825
-0.14575
-0.37275
-0.01775
-0.04275
-0.18375
0.175916666666667
-0.13575
NA
NA
NA
NA
NA
NA
NA
NA
NA
NA
NA
NA
NA
NA
NA
NA
NA
NA
NA
NA
NA
NA
NA
NA
NA
NA
NA
NA
NA
NA
NA
NA
NA
NA
NA
NA
NA
NA
NA
NA
NA
