m4
6.22625
6.17425
6.17425
5.62425
5.85125
5.68525
6.01125
5.34025
5.97325
5.50525
6.19525
6.34925
5.62725
5.57325
5.65425
6.04975
5.73825
5.9065
5.64625
5.84125
5.73025
5.67725
6.18625
6.04625
6.33325
6.10225
5.96525
6.33875
6.43625
6.19675
6.11825
5.41425
5.69925
6.21825
6.01425
5.90325
6.16425
5.85725
5.89525
6.37325
6.08525
5.97175
5.90625
5.97525
5.82425
5.99525
5.82325
5.94625
6.20125
6.13625
6.05325
5.54925
5.71825
5.84225
6.33225
6.12525
5.78925
5.97925
6.22425
5.69725
6.31225
5.92125
5.88225
5.98625
5.58325
6.09625
5.83625
5.57625
5.87325
6.06125
5.75325
5.72825
6.05625
5.63525
6.22125
6.08725
5.89025
5.87725
5.89225
6.24325
6.09325
5.97525
5.76125
5.93625
5.79825
6.11375
5.77525
5.47425
5.89425
5.45925
6.17225
5.94325
6.18125
5.95625
5.75325
6.25325
5.93225
5.62025
6.49925
5.69275
5.72025
6.04925
6.19825
5.84725
6.18225
5.50225
6.05225
6.24725
5.90525
6.05125
5.64925
5.70325
6.11125
5.74025
5.40125
5.55725
5.89325
5.79325
5.82425
5.91925
5.56225
6.23825
5.66625
5.78325
5.88925
5.72025
6.56025
6.27125
5.97325
5.79425
5.76225
5.59258333333333
6.02525
6.15025
5.99875
5.87825
5.88625
6.26025
6.04325
5.58925
5.89425
5.59025
5.57325
5.39325
5.85825
5.89725
6.11225
6.06475
5.75625
6.00425
6.26325
6.31725
5.82825
6.12125
6.13825
5.95825
5.61325
5.85625
5.97225
5.91125
5.43125
5.96725
5.81025
6.13925
5.84225
6.10925
5.94325
6.01825
6.60425
6.42725
6.10725
6.47225
5.84825
6.07425
5.57825
6.35225
5.91825
6.36525
6.08025
6.12925
1.85225
1.81625
1.96525
2.18925
1.77625
2.12025
1.81958333333333
1.99225
1.68725
2.05975
2.41125
2.22225
2.35925
1.79325
1.92925
1.79525
2.15525
2.28025
1.60625
1.86225
1.94525
1.99125
1.87625
2.06725
2.06225
2.20825
1.52825
2.09825
2.43325
2.15825
2.11375
1.86725
2.49125
1.83325
2.10725
1.86525
2.36625
1.94425
2.12058333333333
2.08225
2.35625
1.80125
1.97825
1.79425
1.69825
2.13925
1.91025
2.09025
2.36325
1.99425
1.54725
2.28025
1.94125
2.51025
1.83575
2.14825
2.08225
2.73125
1.68225
1.44625
1.73325
1.77825
2.14725
2.30125
1.98125
2.04725
2.05975
1.53025
1.58025
2.33125
1.94425
1.96125
2.29525
2.70525
2.43425
2.30025
1.86825
2.29525
1.95625
2.50025
1.73525
2.12891666666667
2.53825
2.02425
2.25925
1.54925
2.15925
2.06825
2.22625
2.28625
1.72125
2.37425
1.93125
2.67725
2.27525
2.04191666666667
2.02325
1.76525
2.10925
1.65925
2.27225
1.10225
-0.18675
1.87525
2.42525
2.91125
2.21925
2.22575
2.30125
2.16275
1.79025
2.48925
2.47925
2.01425
1.82925
2.01025
1.78025
2.58725
2.06125
2.09475
2.21325
2.16425
2.22025
1.98825
2.05025
1.83125
2.25925
2.26025
1.61725
2.04925
2.24325
1.96225
1.85925
1.79925
1.76825
1.32725
2.13625
2.06525
2.25425
2.31225
2.23425
2.36675
1.83725
1.98725
1.84025
2.10425
1.97925
1.87725
2.03725
2.13725
1.79425
2.00925
1.73425
1.70625
1.50925
1.96325
1.75325
1.90525
1.93925
1.74125
1.76025
1.67725
1.97925
2.10025
2.16275
1.87125
2.28425
2.15725
2.30625
2.42825
2.34625
2.22025
1.76125
2.29025
2.18125
1.98725
1.65825
1.88525
2.68225
2.25225
2.69625
2.49575
2.38825
2.22825
2.31325
2.11925
2.00025
2.13425
2.06225
2.15625
1.33725
2.31825
2.12625
2.09325
2.25725
2.06025
2.42725
2.57325
2.22825
2.22325
2.43725
2.09575
2.58325
2.31625
2.39225
1.84325
2.03525
2.18025
2.01625
2.81275
2.54975
1.72125
2.16075
1.95625
1.75425
1.87525
2.13425
1.58025
2.08775
2.14925
2.21325
2.46225
1.99125
2.21975
1.48325
2.53825
2.07625
2.37225
2.08425
2.15725
1.77525
2.58725
2.08525
2.15825
2.45625
2.01125
1.81425
1.72625
2.19625
2.00125
2.12025
1.95625
2.37125
2.19725
2.36825
1.42225
2.28125
1.83325
2.44725
2.31425
2.03425
2.28925
2.01025
1.90125
2.61125
2.56325
2.09358333333333
2.21125
1.74325
2.16925
2.12225
2.11125
1.95825
2.19125
2.12475
1.95625
2.48425
2.55425
2.46925
1.90725
2.38025
2.43825
1.85425
1.62725
1.98225
1.95725
1.81625
2.17591666666667
1.86425
2.12625
1.63725
1.87325
1.69525
1.95125
1.74791666666667
2.34525
2.09825
1.94625
1.75725
2.16125
1.96975
2.41325
2.01925
1.63475
1.77625
1.74725
1.42925
1.84125
2.28925
2.17525
1.81336111111111
1.84425
1.74625
1.54825
1.86725
1.89725
1.20825
2.18325
1.91125
1.90125
1.72625
1.86325
1.76425
1.96925
2.30125
1.94025
2.07325
2.14825
1.72125
2.01825
