position
1180411
1188041.5
1194444
1332537
2362211
2372287
2524197.5
3407614
3567285
3714110.5
3774364
4689850
6135283.5
6213339.5
6581612.5
7270909
8325245
8435601
8579256
8864170
9325553
9555460
9860332
11186983.5
11653081.5
11663561.5
11991232.5
12098114.5
13672657.5
13836768
14904433.5
15580096
16703796
16719353.5
17070672.5
17112680.5
19305390
19744223
19980428.5
20047436
20675819
21291420.5
21679929.5
22189914
22202826
22561978.5
22719539
22884930.5
23355829
23474713.5
23828370
23865143
24591752
24986518.5
25303195
25392925
25576401
25819835.5
25914125
25986478.5
26059453.5
26563032
26851846
26923360
27309122.5
27809493
28655119.5
28775293.5
29311969
29359077.5
29428785.5
30857043
31412962.5
31757343
32163595
32222140.5
32403407
32514349.5
32514969.5
32819478.5
33001204.5
33085328
34991755
35312693.5
35851226
36038447
36128510
36450693.5
36529384.5
36930611.5
37624807
37835872.5
37946213
38997177.5
39041281
39543892
39652701.5
39675743.5
40033560.5
40410907.5
41616464
41641860.5
42778607
43446814
43480897.5
43500478
44128706
44307755
44352517
44378605
44798611
44946341
45343243.5
45469579.5
45552287
45640384
45825590.5
46264082.5
46440800.5
46466705.5
46581774
46829392
46986933
52618435
54048450
54134813.5
55046100.5
56946781
58680064.5
58960144.5
60080969.5
61531721.5
61876369.5
62123126.5
62698475.5
64423663
65106273.5
65365596
65408585.5
65497141
65778200.5
66261099.5
67128482
67945185.5
71185198.5
77598991
77776396.5
85449779
85759944
87066501.5
87514727.5
88936859.5
89236468.5
99866978.5
100613960.5
100906969.5
109923504.5
110271715
111436320.5
111452506
112748575.5
112967308
114966828
115030529
117336262
119640510
142561586.5
143023472.5
146262181.5
147533735
147807643.5
147840827.5
148635269
149818160
150145191.5
150451830
150746841
150944305.5
151762510
152910257
153529791.5
153567014
156877044
157940780
157945482.5
158869413.5
161439665
162103807.5
162607999.5
168240315
170183872.5
176877224
189278644.5
198169664.5
198695186.5
199765743.5
200046651.5
200566571.5
201095196.5
201108376
201157274
203147998.5
203390166
204335525.5
206358765
213989669
221893454.5
222357371.5
223179025.5
224250638
224586241
227150810.5
230877699.5
238358332
241170395
241331394.5
241456474
243795357
8774949.5
9571423
10217803
11546454
17978033
24215667
24840766
26220301
27195670
27475926.5
32304891.5
32624293
33170614
36633042
36713992.5
37422646
46480850
47995090
48640292
55450023.5
56033288
57840480
58339077.5
61329783.5
62159597
63734010.5
69270046
69959067.5
70074238
70426381.5
73369878
74003909
74039855.5
84564014.5
85786597.5
86344932.5
87156021.5
89849436
99264254.5
101094829.5
102085113
108827111.5
112437791.5
114398081.5
118390817
127117412.5
127748814
131483647
138580753.5
151159944
153368828
160149828
160954941.5
169927443
170597476
172399957
173157194
175287309.5
175871611
176808469.5
176813812.5
176871168
180435493
187187989
187325719.5
197713158
198182918.5
201507946.5
201843947
204018244
206831366
208454058.5
209140899
215459327
216088489.5
219358162
219511567.5
219937432
219973409
223592430
229837840
231806894
232447316
234434028
235185688.5
239882766
241111294.5
241931679
242340414.5
3106725.5
9769895.5
9819066
10137869
10163540
10260218
12640360
14153771.5
16431290.5
20113713.5
23362771.5
25529632
30675072
32469414.5
33869434.5
37038803
37850288.5
37939545.5
42581495
42890662
45911346.5
46557367
46596586.5
46910422
48189238
48433071
49027747.5
49040987.5
49285368
50314166
50361567.5
50643033
52242944
52414556
52484935.5
53899551.5
58273164
59875841.5
63490850
65660175
67137872
71358213
89426668.5
95117583.5
95303866.5
101058656
101175362
101630289.5
101947253
102886104
106867664.5
114860609
114981095
115162005.5
129284532
129836944
131914411.5
132216369.5
133802879
139821412
139908905.5
140556074
140586368
140719520
147315782
147730429.5
149920943.5
150258809
150573087.5
151773327
159805136.5
161192930.5
168909845.5
170316110
172212154
173715068
178309105.5
180987942
185133097
185575554
186809188
188275752
191783297.5
193717086.5
197280860
198001446.5
198154164
198925867.5
2925836
5135683.5
6415674.5
7169722
9715199
13220514.5
15307852
41589471
44534348
47975338
52729020
54225865
54970734
55406435.5
57169693.5
57359284.5
66362289.5
69947314.5
72243027.5
75218239
75268559.5
75683700
76272391
76901797
77282738
83724180
88707195.5
89536816.5
102463647.5
104082964
107610854
108945724
120577571
122947762.5
124680401
129086592
144839226
148940008.5
154240128.5
155887373.5
178034441.5
184199138
184552484
1933214
10318983
11491028.5
34780412.5
36008215
36219643
39198268.5
40814641.5
42841746
44854513.5
52275408
54495205
56186877
56550399
68904339
68928772
69428257.5
77829337.5
79775181
79972187.5
80425011
82396683.5
88142719
90193107.5
96143202.5
108331346.5
112163999.5
115275146.5
122748464.5
130692975
132023231.5
132375363
133325738
133403231
133974255
134718236.5
137564076.5
137830991
137928968
138719667
139305253
140006188
140210734
140584184
140753144.5
140987769.5
145839183.5
146279254
150009703.5
150147094.5
150896272
156690872
167740505.5
169219914.5
169632532.5
171254590.5
171570526.5
172049137
172368768.5
176668305.5
177243583.5
179617801.5
